[217 100   0]
[231 114   2]
[242 119   4]
[240 110   0]
[229 110   0]
[198  96   0]
[175  88   0]
[159  90  16]
[211 179 131]
[253 249 229]
[252 255 253]
[255 254 255]
[255 252 255]
[255 252 255]
[255 253 254]
[254 235 218]
[228 201 169]
[199 156 105]
[176 115  52]
[156  80  10]
[136  59   0]
[114  51   2]
[93 40  9]
[82 28  3]
[65 22  3]
[37 15  6]
[43 18  1]
[41 12  0]
[33 13  7]
[31 17 15]
[36 15  6]
[42 17  3]
[46 21  6]
[50 22  6]
[52 20  5]
[53 22  7]
[56 24 10]
[50 23  5]
[46 21  3]
[69 49 15]
[97 82 34]
[116 101  65]
[78 67 40]
[41 26  2]
[47 23  7]
[56 28 12]
[65 40  8]
[153 136  92]
[238 240 228]
[255 255 248]
[252 253 249]
[255 255 255]
[254 254 255]
[254 254 254]
[254 254 254]
[254 254 254]
[254 254 254]
[254 254 254]
[254 254 254]
[254 254 254]
[254 254 254]
[254 254 254]
[254 254 254]
[254 254 254]
[254 254 254]
[254 254 254]
[254 254 254]
[254 254 254]
[254 254 254]
[254 254 254]
[254 254 254]
[254 254 254]
[254 254 254]
[254 254 254]
[254 254 254]
[254 254 254]
[254 254 254]
[254 254 254]
[254 254 254]
[254 254 254]
[254 254 254]
[254 254 254]
[181  79   0]
[196  93   1]
[225 111  14]
[232 109   8]
[249 110  12]
[175  72   0]
[141  82  32]
[235 207 173]
[255 255 236]
[250 255 251]
[254 253 255]
[253 254 249]
[255 253 235]
[255 228 191]
[226 180 129]
[178 111  36]
[126  62   0]
[98 37  0]